15
35
80
364
31
437
616
222
676
675
308
574
979
905
898
89
205
840
645
931
171
361
694
970
846
94
39
909
305
689
785
812
993
536
911
309
165
636
756
577
27
932
365
412
953
395
988
624
921
373
480
787
633
81
661
81
256
750
465
936
875
22
10
420
70
4
853
294
369
190
692
162
438
581
252
697
828
61
10
237
449
959
127
209
564
363
69
864
247
209
417
920
638
334
32
22
464
85
563
926
665
45
581
604
448
793
161
722
977
12
252
292
822
392
282
558
260
248
67
298
735
644
618
159
968
660
566
912
730
487
223
181
104
584
249
867
161
646
15
988
699
47
161
653
88
255
746
92
223
946
305
528
846
902
624
597
568
906
332
297
138
774
348
420
828
954
767
784
713
234
427
590
3
64
544
440
688
137
121
627
895
804
36
151
650
602
497
248
832
993
855
503
690
313
336
575
256
727
334
871
341
705
596
314
361
200
741
232
15
229
170
242
715
494
127
849
312
569
661
571
388
831
347
203
642
616
986
94
509
300
659
473
106
279
288
802
325
712
448
861
832
98
366
275
409
806
978
962
485
51
603
834
441
803
937
776
692
968
833
976
355
853
533
217
937
282
992
645
761
428
570
796
486
997
862
846
214
293
522
923
939
675
358
117
184
162
155
818
171
854
64
239
382
709
910
785
120
351
140
123
984
427
352
91
985
469
78
434
320
495
5
162
703
188
639
61
833
365
502
190
422
564
647
433
685
421
486
201
171
21
632
124
277
966
558
786
491
308
505
233
116
361
213
866
634
648
297
428
747
523
172
513
727
517
846
96
658
709
270
1000
751
188
607
89
67
700
500
495
675
415
819
752
818
463
289
192
225
639
877
672
507
239
695
730
28
615
121
939
133
914
205
532
785
960
706
584
242
101
250
677
178
124
13
565
904
304
317
430
910
570
346
396
766
272
674
251
642
163
758
876
547
480
482
16
245
952
852
258
645
422
607
466
908
785
83
575
855
455
901
717
456
164
732
487
981
547
542
866
459
31
991
803
929
530
657
586
583
581
727
751
897
293
362
922
520
681
555
60
924
909
514
906
648
705
371
82
267
574
825
708
247
951
137
253
788
892
238
760
449
518
744
56
906
703
508
135
937
188
693
33
653
743
410
702
129
31
323
513
386
39
463
643
584
408
925
378
760
995
384
66
590
381
373
317
527
936
672
345
542
846
617
494
737
5
717
925
915
550
916
606
707
6
365
706
989
260
276
639
967
535
89
845
150
318
100
536
182
822
706
173
920
121
32
514
333
128
933
215
491
428
725
387
550
624
882
124
936
313
835
105
664
719
125
717
978
696
126
896
47
19
375
677
547
949
433
961
916
594
340
615
517
29
59
376
25
217
444
317
884
730
280
490
207
899
504
498
478
541
556
448
850
300
621
24
890
129
531
642
940
319
150
531
873
604
953
555
271
648
548
723
89
552
790
923
34
361
967
972
58
385
584
269
466
897
637
622
770
912
866
779
659
61
131
1
149
158
98
193
315
765
193
770
623
175
257
923
88
434
776
535
20
962
156
797
771
888
160
558
362
408
304
37
958
951
423
778
632
367
507
19
489
32
236
244
234
952
742
248
211
494
797
485
104
398
567
478
459
782
383
828
544
716
134
645
534
542
131
12
448
534
811
268
80
377
412
102
199
917
562
957
430
724
593
699
652
68
747
649
771
252
44
591
2
103
979
648
936
370
39
891
749
387
357
765
340
919
626
127
581
320
64
363
37
295
615
709
864
692
456
880
416
576
859
499
24
718
182
443
36
804
327
884
518
809
405
153
821
921
518
585
747
735
56
276
420
143
305
127
121
992
593
467
534
8
467
429
181
60
241
84
375
245
875
452
308
684
364
348
790
540
4
752
495
855
949
292
162
609
496
85
331
761
151
46
410
662
406
618
201
966
848
697
932
910
700
111
712
889
953
741
738
368
661
616
749
4
277
585
293
375
559
23
947
842
677
951
905
156
961
22
976
479
990
435
752
531
403
210
575
625
613
327
349
10
22
799
885
707
4
824
634
298
83
930
185
757
448
937
975
669
914
241
388
516
644
274
22
188
286
977
624
228
762
431
615
456
754
607
351
331
287
508
659
871
547
638
92
894
343
308
944
816
69
174
931
765
384
498
945
888
323
800
835
582
22
889
706
350
571
759
699
454
490
196
50
459
768
682
130
306
504
718
228
773
441
473
625
372
729
730
734
996
36
401
171
598
602
61
850
734
555
776
406
11
222
806
559
145
859
530
732
135
172
